7258
19628
45922
22102
156223
94489
25754
13001
77048
88629
171651
89260
114433
46828
404576
29543
45240
74040
39133
117827
19549
107728
16320
24784
103337
21938
7956
373430
335565
27345
85641
105065
226802
289590
117063
52624
6380
217142
233657
2988
119806
119500
127163
93522
221660
111328
178522
176858
8865
172662
82025
322251
4718
61123
768393
164482
176230
62704
255159
144738
238203
288040
165779
26409
77264
131199
183638
80948
187714
115318
14941
87129
18031
9825
23737
233625
240121
566077
99411
16981
11652
166007
138829
177293
178569
263916
115367
77183
86063
376626
15468
6478
51523
141943
29756
66521
52869
29095
74778
1143757
69485
86342
155836
351700
139682
22775
30306
237131
118318
6708
161727
918
296757
174981
122890
69040
88213
74
41167
9568
257456
333310
29379
59244
100554
654
205760
600413
76756
208783
226043
131259
331899
320014
273
6613
456801
42130
325879
336654
349621
35244
28450
246563
341560
389360
27117
1967
74820
26502
278207
178454
12100
49628
265999
222351
42761
119673
1793
71796
249720
108803
82268
115626
70116
119
19006
223761
150057
23864
109659
43939
161283
12550
44295
98969
61412
461334
15787
63310
109584
142809
185304
63579
39279
25824
286030
2601
300828
207323
6704
146366
12333
84314
10603
353460
106508
300958
94223
916561
48857
151177
476008
31679
108659
177154
30761
26432
64210
188280
369111
30778
801585
179182
369261
268611
546983
411750
146386
39811
11989
15908
19223
118775
64003
217357
258599
165697
323108
132325
122640
69905
144737
1592
174377
80712
120186
222133
8637
149902
39816
28827
216849
30568
110763
249291
60648
131818
114757
139956
93615
56959
231845
109475
90145
100781
136192
32348
156153
68987
5004
54381
133
43962
9749
149808
632656
9656
7979
26275
8465
48299
3016
206696
18703
61376
254414
568155
317497
57789
9717
49807
216207
6704
17289
213530
10051
147699
292934
32158
56842
16687
16448
52914
294146
61314
352047
350118
68360
6868
34427
623455
341760
13645
37668
21819
688395
68847
149181
122366
268251
51433
126751
98146
161651
201356
23312
32424
233921
85843
10610
159123
28377
76870
223505
191354
14005
231982
124366
34730
124870
127313
223483
48077
10442
68289
73212
203109
415338
111062
37668
98591
15506
10345
32007
183531
7833
68633
148890
46958
276382
84538
67727
23953
529527
84722
358588
182019
